0_14.29462,-19.64452,5.257782(1,18).jpg
10_-16.82505,25.12669,8.556855(11,9,8).jpg
11_-16.65505,52.61669,8.556854(10,8,9).jpg
12_3.984348,35.46938,6.777418(13,3,21,7,14,9,7,8,22,23,6).jpg
13_8.06156,47.42317,6.777418(12,15,14).jpg
14_15.93696,44.87652,6.856855(13,12).jpg
15_14.79061,70.42163,6.776727(13,16).jpg
16_-2.640832,77.14958,6.776727(15,17).jpg
17_-26.8177,83.78477,6.880285(16).jpg
18_8.414586,-11.17786,6.796268(19,0).jpg
19_8.169193,-0.008679733,6.864998(18,2).jpg
1_16.32235,-4.309525,6.783291(2,0).jpg
20_15.9412,15.30271,6.871005(2,21).jpg
21_3.664068,20.98891,6.871005(3,12,6,7,20,9,8,22,23).jpg
22_-6.65589,52.91134,20.88872(23,9,4,5,23,7,12,8,6,21).jpg
23_-7.413428,53.00176,59.35968(22,9,4,5,7,12,8,6,21).jpg
2_15.61686,6.357203,6.916595(1,20,4,3,19).jpg
3_3.984348,7.329375,6.927514(21,12,6,7,4,2).jpg
4_-10.28256,6.301208,6.847418(5,6,2,3,9,22,23).jpg
5_-8.216417,12.25933,6.824076(4,6,9,22,23).jpg
6_-1.434748,20.47655,6.847418(21,4,5,3,7,9,12,8,22,23).jpg
7_-4.215948,32.70609,7.554121(8,12,3,6,21,9,23,22).jpg
8_-5.632992,49.02814,8.576727(9,11,7,10,12,22,23,6,21).jpg
9_-6.385049,25.12669,8.556854(8,10,11,5,7,22,23,4,12,6,21).jpg
